label_map = {"Business": 0, "Crime": 1, "Entertainment": 2, "Environment": 3, "Science-Tech": 4, "Others": 5}

I+T
[[ 938    7    9    2   27   18]
 [   5  355   10    4    8   47]
 [   6   15 1523    2   15   10]
 [   3    5    1  300    2   14]
 [  23    4    9    5  437    8]
 [  27   40   22    8   13  655]]
 
 T
 [[ 897   14   17    9   32   32]
 [  10  357   15    3    8   36]
 [   8    8 1527    3    9   16]
 [  14    4   18  274    5   10]
 [  27    3   22    4  421    9]
 [  96   39   44    7    8  571]]
 
 I
 [[ 876   11   47    0   20   47]
 [  29  143   40    1   14  202]
 [ 151   25 1310    5   29   51]
 [   0    7    4  269    2   43]
 [  74   11   48    0  301   52]
 [  55   71   42   31   30  536]]


